Some((
    red: 0.5254902,
    green: 0.67058825,
    blue: 0.6431373,
))