Some((
    red: 0.42040944,
    green: 0.3811792,
    blue: 0.3458732,
))