Some((
    red: 0.8627451,
    green: 0.84313726,
    blue: 0.7294118,
))