Some((
    red: 0.98195165,
    green: 0.932134,
    blue: 0.95206624,
))